Block 91  92-t  93-t  94-t  95-t  96-t  97-t  Mean  SD      92-1  93-1  94-1  95-1  96-1  97-1  Mean-1 SD-1
1     1   1     1     1     2     1     1     1.143 0.378   0     0     0     1     0     0     0.167  0.408    
2     1   1     1     0     1     0     0     0.571 0.535   0     0     0     0     0     0     0.000  0.000      
3     1   1     0     0     1     1     0     0.571 0.535   1     0     0     0     0     0     0.167  0.408      
4     0   0     0     0     0     0     0     0.000 0.000   0     0     0     0     0     0     0.000  0.000    
5     1   1     2     1     1     1     1     1.143 0.378   0     0     0     0     0     0     0.000  0.000      
6     1   0     1     0     0     0     0     0.286 0.488   0     1     0     0     0     0     0.167  0.408      
7     1   1     4     2     1     2     1     1.714 1.113   1     1     0     0     0     1     0.500  0.548    
8     3   1     1     1     1     1     3     1.571 0.976   0     0     0     0     0     2     0.333  0.816      
9     2   3     2     1     3     1     0     1.714 1.113   1     1     0     2     0     0     0.667  0.816      
10    0   2     0     0     0     1     0     0.429 0.787   1     0     0     0     1     0     0.333  0.516    
11    0   3     0     0     2     1     3     1.286 1.380   3     0     0     0     0     1     0.667  1.211      
12    1   0     0     0     0     0     0     0.143 0.378   0     0     0     0     0     0     0.000  0.000      
13    1   0     1     0     1     1     2     0.857 0.690   0     0     0     0     0     1     0.167  0.408    
14    1   1     0     0     0     0     0     0.286 0.488   1     0     0     0     0     0     0.167  0.408      
15    1   0     0     0     0     0     0     0.143 0.378   0     0     0     0     0     0     0.000  0.000      
16    0   1     1     0     3     2     3     1.429 1.272   0     0     0     2     1     2     0.833  0.983    
17    1   0     1     0     0     0     1     0.429 0.535   0     0     0     0     0     1     0.167  0.408      
18    0   0     0     0     0     0     1     0.143 0.378   0     0     0     0     0     1     0.167  0.408      
19    0   0     0     0     0     0     0     0.000 0.000   0     0     0     0     0     0     0.000  0.000    
20    0   0     0     0     0     0     0     0.000 0.000   0     0     0     0     0     0     0.000  0.000      
21    0   0     0     0     0     0     0     0.000 0.000   0     0     0     0     0     0     0.000  0.000      
22    0   0     0     0     0     0     0     0.000 0.000   0     0     0     0     0     0     0.000  0.000    
23    0   0     0     0     1     0     0     0.143 0.378   0     0     0     1     0     0     0.167  0.408      
24    0   0     0     0     0     0     1     0.143 0.378   0     0     0     0     0     1     0.167  0.408      
25    0   2     1     1     4     2     3     1.857 1.345   1     0     0     2     1     2     1.000  0.894    
26    1   2     6     2     2     4     2     2.714 1.704   2     3     0     1     1     1     1.333  1.033      
27    2   2     1     0     1     0     2     1.143 0.900   0     0     0     0     0     2     0.333  0.816         
28    1   1     4     0     2     0     4     1.714 1.704   0     1     0     1     0     4     1.000  1.549
29    0   2     1     1     1     1     5     1.571 1.618   1     0     0     0     0     5     1.000  2.000
30    1   2     4     0     0     2     2     1.571 1.397   2     3     0     0     1     2     1.333  1.211
31    0   1     3     0     1     2     2     1.286 1.113   1     3     0     1     2     2     1.500  1.049
32    0   0     0     0     2     0     6     1.143 2.268   0     0     0     2     0     5     1.167  2.041
33    3   2     2     0     1     1     2     1.571 0.976   2     1     0     1     1     0     0.833  0.753
34    0   3     6     1     1     0     2     1.857 2.116   0     4     0     0     0     2     1.000  1.673
35    1   0     2     0     2     1     3     1.286 1.113   0     2     0     2     1     3     1.333  1.211
36    0   3     3     0     1     0     6     1.857 2.268   1     2     0     0     0     6     1.500  2.345
37    0   1     1     0     3     2     5     1.714 1.799   0     1     0     3     0     4     1.333  1.751
38    0   0     0     0     0     1     1     0.286 0.488   0     0     0     0     1     1     0.333  0.516
39    0   2     2     0     2     3     4     1.857 1.464   0     1     0     2     2     4     1.500  1.517
40    0   5     0     0     16    2     9     4.571 6.051   3     0     0     16    1     9     4.833  6.432
41              4     0     10    7     7     5.600 3.782         3     0     10    0     7     4.000  4.416
42              3     0     6     4     1     2.800 2.387         1     0     6     0     1     1.600  2.510
43              0     0     4     2     4     2.000 2.000         0     0     4     0     3     1.400  1.949
44              0     2     7     5     4     3.600 2.702         0     0     7     0     1     1.600  3.050
45              1     0     5     0     4     2.000 2.345         0     0     5     0     4     1.800  2.490
46              1     1     0     0     0     0.400 0.548         1     0     0     0     0     0.200  0.447
47              3     1     3     2     1     2.000 1.000         1     0     3     2     0     1.200  1.304
48              1     0     1     0     1     0.600 0.548         1     0     0     0     0     0.200  0.447
49              2     3     2     1     3     2.200 0.837         0     2     2     0     3     1.400  1.342
50              3     0     1     0     0     0.800 1.304         1     0     1     0     0     0.400  0.548
51              5     0     0     1     2     1.600 2.074         3     0     0     1     1     1.000  1.225
52              1     1     1     1     1     1.000 0.000         1     1     1     0     0     0.600  0.548
53              2     0     2     0     0     0.800 1.095         2     0     2     0     0     0.800  1.095
54              6     0     10    2     0     3.600 4.336         3     0     10    0     0     2.600  4.336
55              2     0     8     3     2     3.000 3.000         0     0     8     2     1     2.200  3.347
56              2     3     10    2     3     4.000 3.391         1     1     10    0     3     3.000  4.062
57              1     0     3     1     1     1.200 1.095         1     0     3     0     1     1.000  1.225
58              1     0     1     0     0     0.400 0.548         1     0     1     0     0     0.400  0.548
59              0     0     0     0     0     0.000 0.000         0     0     0     0     0     0.000  0.000
60              1     0     1     0     0     0.400 0.548         0     0     0     0     0     0.000  0.000
